$ 1 0.000015625 10.20027730826997 50 5 50 5e-11
165 176 144 256 144 6 8.999999910000001
165 352 144 432 144 6 0
R 240 112 240 80 0 0 40 9 0 0 0.5
R 416 112 416 80 0 0 40 9 0 0 0.5
g 272 320 272 336 0 0
g 448 304 448 320 0 0
c 176 240 144 240 0 1e-8 0.001 0.001
w 144 240 144 320 0
w 272 304 272 320 0
w 272 320 144 320 0
w 304 208 352 208 0
w 352 208 352 240 0
w 240 112 304 112 0
w 304 112 304 176 0
w 416 112 480 112 0
w 480 112 480 176 0
w 144 320 112 320 0
w 112 176 176 176 0
r 176 272 128 272 0 1000
w 112 176 112 272 0
w 112 272 128 272 0
w 112 272 112 320 0
174 80 96 144 128 1 500000 0.9950000000000001 Resistance
r 80 96 32 96 0 4700
R 32 96 32 64 0 0 40 9 0 0 0.5
w 112 176 112 160 0
w 112 160 144 160 0
w 144 160 144 96 0
w 352 272 336 272 0
w 336 272 336 176 0
w 336 176 352 176 0
r 352 64 304 64 0 4700
174 352 64 416 96 1 500000 0.3119 Resistance
w 336 176 336 96 0
w 336 96 304 96 0
w 304 96 304 64 0
R 416 64 416 32 0 0 40 9 0 0 0.5
c 336 304 336 272 0 1.0000000000000001e-7 -0.0001783202234946801 0.001
g 336 304 336 320 0 0
c 512 208 480 208 0 0.000009999999999999999 0.0010000000002298188 0.001
