$ 1 0.000005 382.76258214399064 50 5 50 5e-11
t 256 176 288 176 0 1 -5.632490395027362 -0.631228437461764 20 default
t 256 240 288 240 0 -1 -0.6324903950273618 -0.631228437461764 20 default
w 256 240 256 208 0
w 256 176 256 208 0
w 256 208 240 208 0
R 192 208 160 208 0 2 40 5 0 0 0.5
w 288 192 288 208 0
w 288 224 288 208 0
w 288 208 304 208 0
r 304 208 352 208 0 1000
R 288 160 288 128 0 0 40 5 0 0 0.5
g 288 256 288 272 0 0
f 352 208 400 208 32 1.5 0.02
R 400 144 400 112 0 0 40 5 0 0 0.5
r 400 144 400 192 0 1000
g 400 224 400 240 0 0
r 192 208 240 208 0 1000
o 1 64 6 4098 10 0.1 0 2 0 6
