$ 1 0.000005 10.20027730826997 50 5 50 5e-11
v 208 272 208 192 0 1 50 325.269 0 0 0.5
d 288 224 336 176 2 default
d 336 176 384 224 2 default
d 288 224 336 272 2 default
d 336 272 384 224 2 default
w 208 192 208 160 0
w 208 160 336 160 0
w 336 160 336 176 0
w 208 272 208 304 0
w 208 304 336 304 0
w 336 304 336 272 0
r 480 224 480 272 0 1000
w 288 224 256 224 0
w 256 224 256 288 0
w 256 288 432 288 0
w 432 272 432 288 0
w 384 224 432 224 0
w 432 288 480 288 0
w 480 288 480 272 0
c 432 272 432 224 0 0.00009999999999999999 -301.9848719845676 0.001
w 432 224 480 224 0
o 11 64 0 4099 640 0.8 0 2 11 3
